Field "Less scattered" "Good WCS" "Failed Mask" "Poor WCS" "Failed WCS" tot fr na
FJ1304 4 8 0 0 0 8.0 0.5 F
FJ1606 8 12 0 0 0 12.0 0.6666666666666666 F
FC0107 4 8 0 0 0 8.0 0.5 F
FB0209 4 8 0 0 0 8.0 0.5 F
FK2804 4 8 0 0 0 8.0 0.5 F
FI2902 4 8 0 0 0 8.0 0.5 F
FA0202 4 8 0 0 0 8.0 0.5 F
FD1901 4 16 0 0 0 16.0 0.25 F
FJ2205 5 9 0 0 0 9.0 0.5555555555555556 F
FB1301 4 12 4 0 0 16.0 0.25 F
FE1002 5 17 0 0 0 17.0 0.29411764705882354 F
FL0501 4 16 0 0 0 16.0 0.25 F
FL1001 4 20 0 0 0 20.0 0.2 F
FK2506 4 12 0 0 0 12.0 0.3333333333333333 F
FK0803 8 16 0 0 0 16.0 0.5 F
FF2001 8 16 4 0 0 20.0 0.4 F
FC1302 4 24 0 0 0 24.0 0.16666666666666666 F
FE0602 4 21 0 0 0 21.0 0.19047619047619047 F
FB2402 16 28 0 0 0 28.0 0.5714285714285714 F
FC1602 4 20 4 0 0 24.0 0.16666666666666666 F
FC1104 4 8 0 0 0 8.0 0.5 F
FC2201 4 8 0 0 0 8.0 0.5 F
FC0408 4 8 0 0 0 8.0 0.5 F
FE1004 12 16 0 0 0 16.0 0.75 F
FK0205 8 12 0 0 0 12.0 0.6666666666666666 F
FL1804 8 12 0 0 0 12.0 0.6666666666666666 F
FC1004 4 16 0 0 0 16.0 0.25 F
FF0303 12 16 0 0 0 16.0 0.75 F
U29109 12 20 0 0 0 20.0 0.6 U
FD1902 5 9 4 0 0 13.0 0.38461538461538464 F
FB1002 4 8 0 0 0 8.0 0.5 F
FD1001 4 8 0 0 0 8.0 0.5 F
FD0701 9 17 0 0 0 17.0 0.5294117647058824 F
FE2501 8 22 0 0 0 22.0 0.36363636363636365 F
FK2901 12 16 0 0 0 16.0 0.75 F
FK2504 4 20 0 0 0 20.0 0.2 F
FA3002 8 20 4 0 0 24.0 0.3333333333333333 F
FE1403 7 12 0 0 0 12.0 0.5833333333333334 F
FD0801 4 16 0 0 0 16.0 0.25 F
FA3101 4 15 4 0 1 20.0 0.2 F
FJ2805 5 9 0 0 0 9.0 0.5555555555555556 F
FL3002 5 19 0 0 0 19.0 0.2631578947368421 F
FB0403 9 17 0 0 0 17.0 0.5294117647058824 F
FK1904 4 12 0 0 0 12.0 0.3333333333333333 F
U5RV25 4 8 0 0 0 8.0 0.5 U
FD1302 4 12 0 0 0 12.0 0.3333333333333333 F
FF2301 9 21 0 0 0 21.0 0.42857142857142855 F
FI1708 12 16 0 0 0 16.0 0.75 F
FC2002 8 12 4 0 0 16.0 0.5 F
FJ1801 4 16 0 0 0 16.0 0.25 F
U00006 18 32 8 0 0 40.0 0.45 U
FF1401 4 20 5 0 0 25.0 0.16 F
FI1610 4 8 0 0 0 8.0 0.5 F
FK1303 20 36 0 0 0 36.0 0.5555555555555556 F
FI2306 8 12 0 0 0 12.0 0.6666666666666666 F
FK2005 6 27 0 0 1 28.0 0.21428571428571427 F
FE0501 8 16 0 0 0 16.0 0.5 F
FE1301 4 12 0 0 0 12.0 0.3333333333333333 F
FD0601 4 20 0 0 0 20.0 0.2 F
FJ3103 13 26 0 0 0 26.0 0.5 F
FL2702 12 16 0 0 0 16.0 0.75 F
FJ0602 4 8 0 0 0 8.0 0.5 F
FA2002 4 12 0 0 0 12.0 0.3333333333333333 F
FC0301 4 20 0 0 0 20.0 0.2 F
FB2603 4 16 0 0 0 16.0 0.25 F
FK1405 10 16 0 0 0 16.0 0.625 F
FF0802 3 4 0 0 0 4.0 0.75 F
FE1801 4 8 0 0 0 8.0 0.5 F
FL0701 8 16 0 0 0 16.0 0.5 F
FF0502 4 8 0 0 0 8.0 0.5 F
FL2003 4 12 0 0 0 12.0 0.3333333333333333 F
FJ3002 20 36 0 0 0 36.0 0.5555555555555556 F
FC1702 8 16 0 0 0 16.0 0.5 F
FE1602 4 8 0 0 0 8.0 0.5 F
FI1903 4 13 0 0 0 13.0 0.3076923076923077 F
FE0301 4 24 0 0 0 24.0 0.16666666666666666 F
FD2701 4 8 0 0 0 8.0 0.5 F
FC2501 8 28 0 0 0 28.0 0.2857142857142857 F
FL2902 4 24 4 0 0 28.0 0.14285714285714285 F
FJ2201 4 24 0 0 0 24.0 0.16666666666666666 F
FC1606 8 16 0 0 0 16.0 0.5 F
FC1502 8 16 0 0 0 16.0 0.5 F
FB2201 4 20 4 0 0 24.0 0.16666666666666666 F
FL3107 4 8 0 0 0 8.0 0.5 F
FA1504 12 24 0 0 0 24.0 0.5 F
FC3101 4 12 0 0 0 12.0 0.3333333333333333 F
FA1802 8 17 4 0 0 21.0 0.38095238095238093 F
FD2001 4 16 0 0 0 16.0 0.25 F
FK2301 8 16 0 0 0 16.0 0.5 F
FB2204 4 12 0 0 0 12.0 0.3333333333333333 F
FB2605 4 13 0 0 0 13.0 0.3076923076923077 F
FB2003 28 44 0 0 5 49.0 0.5714285714285714 F
FI1606 12 32 0 0 0 32.0 0.375 F
FC1301 4 21 5 0 0 26.0 0.15384615384615385 F
FK2702 4 12 0 0 0 12.0 0.3333333333333333 F
FC2402 8 24 0 0 0 24.0 0.3333333333333333 F
FC1205 4 13 0 0 0 13.0 0.3076923076923077 F
FF0403 12 16 0 0 0 16.0 0.75 F
FB2001 4 12 4 0 0 16.0 0.25 F
FL1702 4 8 4 0 0 12.0 0.3333333333333333 F
FJ2802 4 16 0 0 0 16.0 0.25 F
FJ1808 4 8 0 0 0 8.0 0.5 F
FI2202 4 16 0 0 0 16.0 0.25 F
FK2801 4 8 4 0 0 12.0 0.3333333333333333 F
FK2203 8 20 0 0 0 20.0 0.4 F
U4XL1D 4 8 0 0 0 8.0 0.5 U
FK0901 4 12 0 0 0 12.0 0.3333333333333333 F
FK1004 8 12 0 0 0 12.0 0.6666666666666666 F
FK2202 4 23 0 0 2 25.0 0.16 F
FL2502 8 12 0 0 0 12.0 0.6666666666666666 F
FJ1502 8 13 0 0 3 16.0 0.5 F
FK1606 4 14 0 0 0 14.0 0.2857142857142857 F
FJ2003 8 16 0 0 0 16.0 0.5 F
FL3106 8 12 0 0 0 12.0 0.6666666666666666 F
FD2801 4 13 0 0 0 13.0 0.3076923076923077 F
FK1305 8 16 0 0 0 16.0 0.5 F
FK2509 8 12 0 0 0 12.0 0.6666666666666666 F
FL0401 12 24 0 0 0 24.0 0.5 F
FB0908 4 8 0 0 0 8.0 0.5 F
FA0402 4 8 0 0 0 8.0 0.5 F
FC1103 4 8 0 0 0 8.0 0.5 F
FK1501 4 28 0 0 0 28.0 0.14285714285714285 F
FB0107 8 12 0 0 0 12.0 0.6666666666666666 F
FB2501 4 16 0 0 0 16.0 0.25 F
UCOV05 4 16 0 0 0 16.0 0.25 U
FI1305 4 6 0 0 0 6.0 0.6666666666666666 F
FK0703 4 8 0 0 0 8.0 0.5 F
FK1806 4 16 0 0 0 16.0 0.25 F
FL0504 4 12 0 0 0 12.0 0.3333333333333333 F
FA1104 4 8 0 0 0 8.0 0.5 F
U00004 4 45 20 0 0 65.0 0.06153846153846154 U
FD3002 12 28 0 0 0 28.0 0.42857142857142855 F
FK1601 4 16 0 0 0 16.0 0.25 F
FE0203 4 8 4 0 0 12.0 0.3333333333333333 F
UHOLME 61 189 0 0 0 189.0 0.32275132275132273 U
FF0301 4 9 0 0 0 9.0 0.4444444444444444 F
USWAN4 4 12 0 0 0 12.0 0.3333333333333333 U
FK0406 4 8 0 0 0 8.0 0.5 F
FL0602 5 26 0 0 0 26.0 0.19230769230769232 F
FJ3105 7 19 0 0 0 19.0 0.3684210526315789 F
FC0504 4 16 0 0 0 16.0 0.25 F
U6B07T 9 14 0 0 0 14.0 0.6428571428571429 U
FA0201 4 8 0 0 0 8.0 0.5 F
FI2901 4 24 0 0 0 24.0 0.16666666666666666 F
S01030 118 122 24 0 2 148.0 0.7972972972972973 S
FE0303 4 8 4 0 0 12.0 0.3333333333333333 F
FK1807 8 12 0 0 0 12.0 0.6666666666666666 F
FF1302 4 13 4 0 0 17.0 0.23529411764705882 F
FJ0904 4 16 0 0 0 16.0 0.25 F
FA2803 4 10 4 0 0 14.0 0.2857142857142857 F
FC0303 4 16 0 0 0 16.0 0.25 F
FJ1001 4 24 0 0 0 24.0 0.16666666666666666 F
U73P10 4 8 0 0 0 8.0 0.5 U
FJ1002 8 20 0 0 0 20.0 0.4 F
FC1002 4 24 0 0 0 24.0 0.16666666666666666 F
FK2503 5 23 0 0 0 23.0 0.21739130434782608 F
FK1705 1 16 0 0 2 18.0 0.05555555555555555 F
FJ1806 8 12 0 0 0 12.0 0.6666666666666666 F
U8F00C 4 8 0 0 0 8.0 0.5 U
FA1301 3 20 0 0 0 20.0 0.15 F
FL2703 4 8 0 0 0 8.0 0.5 F
FI1202 4 8 0 0 0 8.0 0.5 F
FE2702 4 12 0 0 0 12.0 0.3333333333333333 F
FB1701 8 12 0 0 0 12.0 0.6666666666666666 F
FB2005 4 8 0 0 0 8.0 0.5 F
FI2505 4 7 0 0 1 8.0 0.5 F
FB2609 4 8 0 0 0 8.0 0.5 F
FJ2901 4 20 0 0 0 20.0 0.2 F
FE2503 4 8 0 0 0 8.0 0.5 F
FC1802 8 20 0 0 0 20.0 0.4 F
FJ0903 4 17 0 0 0 17.0 0.23529411764705882 F
FD1703 12 16 0 0 0 16.0 0.75 F
FE2602 8 16 0 0 0 16.0 0.5 F
FK2204 4 8 0 0 1 9.0 0.4444444444444444 F
N29086 79 80 16 0 0 96.0 0.8229166666666666 N
FE1701 8 20 0 0 0 20.0 0.4 F
FC1403 4 8 0 0 0 8.0 0.5 F
FI0302 4 8 0 0 0 8.0 0.5 F
FL1501 4 12 0 0 0 12.0 0.3333333333333333 F
FB0201 4 24 0 0 0 24.0 0.16666666666666666 F
FK1607 8 12 0 0 0 12.0 0.6666666666666666 F
FE1501 4 16 0 0 0 16.0 0.25 F
FA0403 8 12 0 0 0 12.0 0.6666666666666666 F
FF1201 5 9 0 0 0 9.0 0.5555555555555556 F
FI0602 4 8 0 0 0 8.0 0.5 F
U2D448 22 33 0 0 1 34.0 0.6470588235294118 U
N07088 331 333 8 0 2 343.0 0.9650145772594753 N
FC0202 12 24 0 0 0 24.0 0.5 F
N60022 144 145 0 0 0 145.0 0.993103448275862 N
UCOMET 4 8 0 0 0 8.0 0.5 U
FA0802 12 24 0 0 0 24.0 0.5 F
FL0103 4 16 0 0 0 16.0 0.25 F
FL0404 8 16 0 0 0 16.0 0.5 F
FB0206 4 20 0 0 0 20.0 0.2 F
FD2601 4 12 24 0 0 36.0 0.1111111111111111 F
FK1505 16 31 0 0 0 31.0 0.5161290322580645 F
FE0702 5 17 4 0 0 21.0 0.23809523809523808 F
FC2003 4 8 0 0 0 8.0 0.5 F
FL2002 13 33 0 0 0 33.0 0.3939393939393939 F
FL1301 12 20 0 0 0 20.0 0.6 F
FC2403 8 16 0 0 0 16.0 0.5 F
FE1201 4 12 0 0 0 12.0 0.3333333333333333 F
FL3004 5 9 0 0 0 9.0 0.5555555555555556 F
FJ0401 1 9 0 0 0 9.0 0.1111111111111111 F
USWANA 20 36 0 0 0 36.0 0.5555555555555556 U
FC2001 8 12 0 0 0 12.0 0.6666666666666666 F
FK1902 8 16 0 0 0 16.0 0.5 F
FJ2203 4 12 0 0 0 12.0 0.3333333333333333 F
FI2001 5 29 0 0 0 29.0 0.1724137931034483 F
N04124 351 352 16 0 1 369.0 0.9512195121951219 N
FF1501 4 16 0 0 0 16.0 0.25 F
FB2203 4 12 0 0 0 12.0 0.3333333333333333 F
UCOV06 8 23 0 0 1 24.0 0.3333333333333333 U
FH2601 4 8 0 0 0 8.0 0.5 F
N32034 287 289 14 0 0 303.0 0.9471947194719472 N
N49070 9 12 0 0 0 12.0 0.75 N
FJ2206 8 12 0 0 0 12.0 0.6666666666666666 F
FD0602 8 16 0 0 0 16.0 0.5 F
N32076 373 374 24 0 4 402.0 0.927860696517413 N
FD0501 4 16 0 0 0 16.0 0.25 F
FD2101 5 9 4 0 0 13.0 0.38461538461538464 F
FC1204 12 20 0 0 0 20.0 0.6 F
FD1101 4 24 0 0 0 24.0 0.16666666666666666 F
FF1601 4 17 4 0 0 21.0 0.19047619047619047 F
FD1704 4 8 0 0 0 8.0 0.5 F
FI1707 4 10 0 0 2 12.0 0.3333333333333333 F
FL0703 5 9 0 0 0 9.0 0.5555555555555556 F
N40009 123 125 0 0 0 125.0 0.984 N
FJ2306 4 8 0 0 0 8.0 0.5 F
FJ2904 20 28 0 0 0 28.0 0.7142857142857143 F
FK2003 8 28 0 0 0 28.0 0.2857142857142857 F
N66020 91 93 0 0 1 94.0 0.9680851063829787 N
FL3001 8 16 0 0 0 16.0 0.5 F
FK1205 8 12 0 0 0 12.0 0.6666666666666666 F
FJ0805 4 16 0 0 0 16.0 0.25 F
FJ2902 12 24 0 0 0 24.0 0.5 F
FA0102 18 26 0 0 0 26.0 0.6923076923076923 F
FA2007 8 12 0 0 0 12.0 0.6666666666666666 F
FC0502 4 12 0 0 0 12.0 0.3333333333333333 F
UN090A 4 8 0 0 0 8.0 0.5 U
FE1101 4 16 0 0 0 16.0 0.25 F
FK2803 8 16 0 0 0 16.0 0.5 F
FB0203 4 20 0 0 0 20.0 0.2 F
FI2504 8 16 0 0 0 16.0 0.5 F
FA1202 4 8 0 0 0 8.0 0.5 F
FL2203 4 16 0 0 0 16.0 0.25 F
FL0702 12 26 0 0 0 26.0 0.46153846153846156 F
FD2803 8 12 0 0 0 12.0 0.6666666666666666 F
FE1603 8 12 0 0 0 12.0 0.6666666666666666 F
FL1204 8 12 0 0 0 12.0 0.6666666666666666 F
FK0102 4 20 0 0 1 21.0 0.19047619047619047 F
FI2104 4 8 0 0 0 8.0 0.5 F
FB1912 12 20 0 0 0 20.0 0.6 F
U6BH99 8 28 0 0 0 28.0 0.2857142857142857 U
FF0503 12 24 0 0 0 24.0 0.5 F
FC1208 4 8 0 0 0 8.0 0.5 F
FL3102 4 20 0 0 0 20.0 0.2 F
FK1905 4 12 0 0 0 12.0 0.3333333333333333 F
FD0401 4 12 0 0 0 12.0 0.3333333333333333 F
FJ0103 4 8 0 0 0 8.0 0.5 F
FI2405 4 8 0 0 0 8.0 0.5 F
FL0801 4 8 0 0 0 8.0 0.5 F
FB2505 4 12 0 0 0 12.0 0.3333333333333333 F
FG0102 8 12 4 0 0 16.0 0.5 F
FJ0906 4 12 0 0 0 12.0 0.3333333333333333 F
FK0104 7 12 0 0 0 12.0 0.5833333333333334 F
N71032 58 61 0 0 0 61.0 0.9508196721311475 N
FB2403 4 12 0 0 0 12.0 0.3333333333333333 F
N49024 151 153 0 0 0 153.0 0.9869281045751634 N
FJ1305 4 8 0 0 0 8.0 0.5 F
FB2404 12 16 0 0 0 16.0 0.75 F
FB2906 4 8 0 0 0 8.0 0.5 F
FJ3101 4 36 0 0 0 36.0 0.1111111111111111 F
FK1907 4 12 0 0 0 12.0 0.3333333333333333 F
FD1204 4 10 0 0 0 10.0 0.4 F
FK3002 7 12 0 0 3 15.0 0.4666666666666667 F
N43028 302 305 8 1 1 315.0 0.9587301587301588 N
N55058 140 141 16 0 1 158.0 0.8860759493670886 N
FB0405 4 8 0 0 0 8.0 0.5 F
FA2101 13 21 0 0 0 21.0 0.6190476190476191 F
FL2505 4 8 0 0 0 8.0 0.5 F
FL1902 4 8 4 0 0 12.0 0.3333333333333333 F
FE0402 4 12 0 0 0 12.0 0.3333333333333333 F
FF0801 7 19 0 0 0 19.0 0.3684210526315789 F
FB2301 4 16 0 0 0 16.0 0.25 F
S01112 309 312 32 0 0 344.0 0.8982558139534884 S
FD0201 4 16 0 0 0 16.0 0.25 F
UG1989 5 10 0 0 0 10.0 0.5 U
FL3108 8 12 0 0 0 12.0 0.6666666666666666 F
FJ0403 8 16 0 0 0 16.0 0.5 F
S18006 152 153 4 0 1 158.0 0.9620253164556962 S
FL2202 4 13 0 0 0 13.0 0.3076923076923077 F
FJ2710 8 12 0 0 0 12.0 0.6666666666666666 F
FA2802 4 12 4 0 0 16.0 0.25 F
FI1201 12 20 0 0 2 22.0 0.5454545454545454 F
FA0903 4 8 0 0 0 8.0 0.5 F
FK1307 8 9 0 0 0 9.0 0.8888888888888888 F
FA1001 12 25 0 0 0 25.0 0.48 F
FD0802 4 20 0 0 0 20.0 0.2 F
FC0203 8 12 0 0 0 12.0 0.6666666666666666 F
FE0805 4 8 0 0 0 8.0 0.5 F
FK1306 4 8 0 0 0 8.0 0.5 F
UCOV03 8 24 0 0 0 24.0 0.3333333333333333 U
FA3104 4 8 0 0 0 8.0 0.5 F
FB2206 8 12 0 0 0 12.0 0.6666666666666666 F
FK2505 4 8 0 0 0 8.0 0.5 F
N35037 450 452 32 0 0 484.0 0.9297520661157025 N
FA2503 6 10 0 0 0 10.0 0.6 F
FD1503 4 8 0 0 0 8.0 0.5 F
FD2502 8 16 0 0 0 16.0 0.5 F
FL0302 8 17 0 0 0 17.0 0.47058823529411764 F
FA1302 10 18 0 0 0 18.0 0.5555555555555556 F
N26037 311 315 23 0 2 340.0 0.9147058823529411 N
FB1401 4 8 4 0 0 12.0 0.3333333333333333 F
FD1404 5 9 0 0 0 9.0 0.5555555555555556 F
Utest4 1 2 0 0 0 2.0 0.5 U
FC0905 4 16 0 0 0 16.0 0.25 F
FF0701 5 17 4 0 0 21.0 0.23809523809523808 F
FK0502 4 17 0 0 0 17.0 0.23529411764705882 F
FB1604 4 8 0 0 0 8.0 0.5 F
FI2003 4 17 0 0 7 24.0 0.16666666666666666 F
FI3005 4 8 0 0 0 8.0 0.5 F
N57046 91 94 8 0 0 102.0 0.8921568627450981 N
FI1408 8 12 0 0 0 12.0 0.6666666666666666 F
FI1303 8 16 0 0 0 16.0 0.5 F
FC0506 4 8 0 0 0 8.0 0.5 F
FE0901 4 12 4 0 0 16.0 0.25 F
FB1907 4 8 0 0 0 8.0 0.5 F
FF1301 4 32 4 0 0 36.0 0.1111111111111111 F
FC1304 12 16 0 0 0 16.0 0.75 F
FI1802 4 8 0 0 0 8.0 0.5 F
FA1004 6 14 0 0 0 14.0 0.42857142857142855 F
U73P05 4 8 0 0 0 8.0 0.5 U
FB0701 6 14 0 0 0 14.0 0.42857142857142855 F
FC0204 8 16 0 0 0 16.0 0.5 F
FC1402 9 13 0 0 0 13.0 0.6923076923076923 F
FL0605 8 12 0 0 0 12.0 0.6666666666666666 F
FB2905 4 8 0 0 0 8.0 0.5 F
FD2703 4 8 0 0 0 8.0 0.5 F
FB2302 4 8 0 0 0 8.0 0.5 F
FB0404 8 12 0 0 0 12.0 0.6666666666666666 F
FJ2302 4 8 0 0 0 8.0 0.5 F
FJ1604 4 16 0 0 0 16.0 0.25 F
FJ2801 4 8 0 0 0 8.0 0.5 F
FA0604 8 16 0 0 0 16.0 0.5 F
U203EA 4 9 0 0 3 12.0 0.3333333333333333 U
FK1107 8 12 0 0 0 12.0 0.6666666666666666 F
FK1106 4 8 0 0 0 8.0 0.5 F
FE0601 4 25 0 0 0 25.0 0.16 F
FK2002 4 17 0 0 0 17.0 0.23529411764705882 F
FJ2702 4 16 0 0 0 16.0 0.25 F
FK2207 14 26 0 0 0 26.0 0.5384615384615384 F
FB1602 8 12 4 0 0 16.0 0.5 F
FB2606 4 12 0 0 0 12.0 0.3333333333333333 F
FE2301 8 12 4 0 0 16.0 0.5 F
FI1004 8 16 0 0 0 16.0 0.5 F
FB2803 8 12 0 0 0 12.0 0.6666666666666666 F
FB2612 5 9 0 0 0 9.0 0.5555555555555556 F
FE0701 4 21 4 0 0 25.0 0.16 F
FA2707 9 13 0 0 0 13.0 0.6923076923076923 F
FB0805 8 12 0 0 0 12.0 0.6666666666666666 F
FA0902 4 12 0 0 0 12.0 0.3333333333333333 F
FL1106 4 12 0 0 0 12.0 0.3333333333333333 F
FK2303 4 12 0 0 0 12.0 0.3333333333333333 F
FE3001 8 12 0 0 0 12.0 0.6666666666666666 F
FC2302 4 12 4 0 0 16.0 0.25 F
FB0303 4 8 0 0 0 8.0 0.5 F
FB2106 12 17 0 0 0 17.0 0.7058823529411765 F
FD0105 4 8 0 0 0 8.0 0.5 F
U4XL1A 4 8 0 0 0 8.0 0.5 U
FC1006 5 9 0 0 0 9.0 0.5555555555555556 F
FA0401 12 16 0 0 0 16.0 0.75 F
FI1103 9 25 0 0 0 25.0 0.36 F
FG0101 4 13 4 0 0 17.0 0.23529411764705882 F
N55050 121 124 8 0 0 132.0 0.9166666666666666 N
FJ1904 4 14 0 0 0 14.0 0.2857142857142857 F
FL1303 8 16 4 0 0 20.0 0.4 F
FI2402 4 24 0 0 0 24.0 0.16666666666666666 F
U07029 4 8 0 0 0 8.0 0.5 U
U00005 2 28 8 0 0 36.0 0.05555555555555555 U
FJ2709 4 8 0 0 0 8.0 0.5 F
FK0805 4 8 0 0 0 8.0 0.5 F
FK2601 5 9 0 0 0 9.0 0.5555555555555556 F
FC1305 4 8 0 0 0 8.0 0.5 F
FD0202 4 8 0 0 0 8.0 0.5 F
FI2002 8 20 0 0 0 20.0 0.4 F
FL0802 4 8 0 0 0 8.0 0.5 F
FJ1903 8 26 0 0 0 26.0 0.3076923076923077 F
FJ1404 8 16 0 0 0 16.0 0.5 F
FL2101 4 20 0 0 0 20.0 0.2 F
FB0202 4 20 0 0 0 20.0 0.2 F
FC2502 4 12 0 0 0 12.0 0.3333333333333333 F
FA2501 12 17 0 0 0 17.0 0.7058823529411765 F
FB2802 4 8 0 0 0 8.0 0.5 F
U4XL1B 4 8 0 0 0 8.0 0.5 U
FE0103 5 13 8 0 0 21.0 0.23809523809523808 F
S04111 287 289 16 0 2 307.0 0.9348534201954397 S
FB2904 4 8 0 0 0 8.0 0.5 F
U73P09 4 8 0 0 0 8.0 0.5 U
FI1703 4 16 0 0 0 16.0 0.25 F
FH2907 1 5 0 0 7 12.0 0.08333333333333333 F
UJUPIT 4 7 0 0 1 8.0 0.5 U
N57048 121 123 12 0 0 135.0 0.8962962962962963 N
FK0503 8 20 0 0 0 20.0 0.4 F
FK3003 12 20 0 0 0 20.0 0.6 F
FB1908 4 10 0 0 0 10.0 0.4 F
FF2102 8 24 0 0 0 24.0 0.3333333333333333 F
N46007 47 48 0 0 0 48.0 0.9791666666666666 N
FK1201 12 39 0 0 1 40.0 0.3 F
FC1901 4 12 4 0 0 16.0 0.25 F
FG0201 12 16 0 0 0 16.0 0.75 F
N12017 370 375 37 0 5 417.0 0.8872901678657075 N
FD2501 4 36 0 0 0 36.0 0.1111111111111111 F
FC1505 8 16 0 0 0 16.0 0.5 F
FI2601 4 12 0 0 0 12.0 0.3333333333333333 F
U257A5 4 8 0 0 0 8.0 0.5 U
FC2301 8 20 4 0 0 24.0 0.3333333333333333 F
FJ3104 7 19 0 0 0 19.0 0.3684210526315789 F
FD0803 8 12 0 0 0 12.0 0.6666666666666666 F
N26113 328 329 3 0 1 333.0 0.984984984984985 N
FA1303 4 9 0 0 0 9.0 0.4444444444444444 F
N32036 456 458 16 0 0 474.0 0.9620253164556962 N
FA2702 4 16 4 0 0 20.0 0.2 F
FE0704 5 9 0 0 0 9.0 0.5555555555555556 F
FI1705 4 8 0 0 0 8.0 0.5 F
FI2606 4 8 0 0 0 8.0 0.5 F
FK1102 4 24 0 0 0 24.0 0.16666666666666666 F
N12046 445 447 48 0 0 495.0 0.898989898989899 N
FE2604 16 28 0 0 0 28.0 0.5714285714285714 F
FC1107 4 8 0 0 0 8.0 0.5 F
FC0904 8 20 0 0 0 20.0 0.4 F
FF1902 8 12 4 0 0 16.0 0.5 F
FD1203 2 10 4 0 0 14.0 0.14285714285714285 F
FI1604 4 16 0 0 0 16.0 0.25 F
FA0501 16 20 0 0 0 20.0 0.8 F
FA2703 4 12 4 0 0 16.0 0.25 F
FC2704 16 24 4 0 0 28.0 0.5714285714285714 F
FJ1705 4 12 0 0 0 12.0 0.3333333333333333 F
FK2502 4 16 0 0 5 21.0 0.19047619047619047 F
N32033 222 227 0 0 0 227.0 0.9779735682819384 N
FC1803 4 25 0 0 0 25.0 0.16 F
U4XL1E 4 8 0 0 0 8.0 0.5 U
FA1801 4 25 8 0 0 33.0 0.12121212121212122 F
FC3001 4 20 0 0 0 20.0 0.2 F
FK2102 4 13 0 0 0 13.0 0.3076923076923077 F
FB0703 8 12 0 0 0 12.0 0.6666666666666666 F
FC1902 4 12 0 0 0 12.0 0.3333333333333333 F
FC2705 4 8 0 0 0 8.0 0.5 F
FL1201 4 12 0 0 0 12.0 0.3333333333333333 F
FB2104 4 20 0 0 0 20.0 0.2 F
FA0603 4 11 0 0 1 12.0 0.3333333333333333 F
FJ1701 8 24 0 0 0 24.0 0.3333333333333333 F
U11398 5 15 0 0 0 15.0 0.3333333333333333 U
S12024 274 275 7 0 1 283.0 0.9681978798586572 S
FI1803 4 16 0 0 0 16.0 0.25 F
FB0804 4 12 0 0 0 12.0 0.3333333333333333 F
FL1805 8 12 0 0 0 12.0 0.6666666666666666 F
FC0407 8 15 0 0 0 15.0 0.5333333333333333 F
FE0806 4 8 0 0 0 8.0 0.5 F
FD1903 4 8 4 0 0 12.0 0.3333333333333333 F
FK0701 4 12 0 0 0 12.0 0.3333333333333333 F
FK2103 4 16 0 0 0 16.0 0.25 F
FK2108 4 8 0 0 0 8.0 0.5 F
FJ1704 4 12 0 0 0 12.0 0.3333333333333333 F
FD1803 4 16 0 0 0 16.0 0.25 F
FA2504 8 12 0 0 0 12.0 0.6666666666666666 F
FD1601 9 21 4 0 0 25.0 0.36 F
FC3102 12 16 0 0 0 16.0 0.75 F
FK0601 4 20 0 0 0 20.0 0.2 F
FK1403 4 12 0 0 0 12.0 0.3333333333333333 F
FB2102 8 23 0 0 0 23.0 0.34782608695652173 F
FK0401 4 24 0 0 0 24.0 0.16666666666666666 F
FB0802 4 13 0 0 0 13.0 0.3076923076923077 F
FC0801 8 14 0 0 0 14.0 0.5714285714285714 F
FB2903 4 8 0 0 0 8.0 0.5 F
FK3004 4 12 0 0 0 12.0 0.3333333333333333 F
FE2105 4 7 0 0 1 8.0 0.5 F
FI0304 4 8 0 0 0 8.0 0.5 F
U35B3E 4 8 0 0 0 8.0 0.5 U
U8S07V 8 13 0 0 0 13.0 0.6153846153846154 U
N29036 345 346 24 0 0 370.0 0.9324324324324325 N
FK2304 5 13 0 0 0 13.0 0.38461538461538464 F
FI2701 12 24 0 0 0 24.0 0.5 F
FJ2403 4 8 0 0 0 8.0 0.5 F
FI1601 8 20 0 0 0 20.0 0.4 F
FK0402 8 24 0 0 0 24.0 0.3333333333333333 F
FB1304 4 8 0 0 0 8.0 0.5 F
FL1003 8 24 0 0 0 24.0 0.3333333333333333 F
FF1603 8 20 4 0 0 24.0 0.3333333333333333 F
FC2902 8 16 0 0 0 16.0 0.5 F
FB0803 4 20 0 0 0 20.0 0.2 F
FC0104 8 25 0 0 0 25.0 0.32 F
FC1203 4 16 0 0 0 16.0 0.25 F
FK1804 4 12 0 0 0 12.0 0.3333333333333333 F
FC2702 4 12 4 0 0 16.0 0.25 F
N63021 123 127 0 0 1 128.0 0.9609375 N
FJ2002 4 13 0 0 0 13.0 0.3076923076923077 F
FC1207 18 26 0 0 0 26.0 0.6923076923076923 F
FF1801 8 20 4 0 0 24.0 0.3333333333333333 F
FB2004 4 8 0 0 0 8.0 0.5 F
N12047 440 442 32 0 1 475.0 0.9263157894736842 N
FL0104 4 12 0 0 0 12.0 0.3333333333333333 F
FJ2707 4 8 0 0 0 8.0 0.5 F
FE0204 4 12 4 0 0 16.0 0.25 F
FB1001 4 17 8 0 0 25.0 0.16 F
FJ1805 8 12 0 0 0 12.0 0.6666666666666666 F
FI1706 4 22 0 0 2 24.0 0.16666666666666666 F
FD1301 8 12 0 0 0 12.0 0.6666666666666666 F
U1AE8B 8 12 0 0 0 12.0 0.6666666666666666 U
FA2301 4 8 0 0 0 8.0 0.5 F
FI1101 7 19 0 0 1 20.0 0.35 F
FC1101 4 12 0 0 0 12.0 0.3333333333333333 F
FJ1902 4 31 0 0 1 32.0 0.125 F
FA2708 4 8 0 0 0 8.0 0.5 F
FE3101 5 9 0 0 0 9.0 0.5555555555555556 F
FD2302 9 13 0 0 0 13.0 0.6923076923076923 F
FB2604 4 25 0 0 0 25.0 0.16 F
FA1401 4 12 0 0 0 12.0 0.3333333333333333 F
FJ1608 4 8 0 0 0 8.0 0.5 F
FL1802 4 8 0 0 0 8.0 0.5 F
N23034 27 29 0 0 0 29.0 0.9310344827586207 N
Utest5 1 2 0 0 0 2.0 0.5 U
FI1503 4 12 0 0 0 12.0 0.3333333333333333 F
N49065 195 196 12 0 0 208.0 0.9375 N
FD0901 8 20 0 0 0 20.0 0.4 F
FE0102 12 24 4 0 0 28.0 0.42857142857142855 F
FL2102 8 16 0 0 0 16.0 0.5 F
FK2001 4 20 0 0 0 20.0 0.2 F
FK2802 4 12 0 0 0 12.0 0.3333333333333333 F
FL0303 4 8 0 0 0 8.0 0.5 F
S18115 168 169 5 0 1 175.0 0.96 S
FF0101 4 17 0 0 0 17.0 0.23529411764705882 F
FK1701 4 17 0 0 0 17.0 0.23529411764705882 F
FF2401 4 16 0 0 0 16.0 0.25 F
FJ0703 4 25 0 0 0 25.0 0.16 F
FI2203 4 12 0 0 0 12.0 0.3333333333333333 F
FI2305 8 12 0 0 0 12.0 0.6666666666666666 F
FL2803 4 8 0 0 0 8.0 0.5 F
FK1402 4 12 0 0 0 12.0 0.3333333333333333 F
FF1101 4 12 4 0 0 16.0 0.25 F
FD1103 4 21 0 0 0 21.0 0.19047619047619047 F
FA2001 4 8 0 0 0 8.0 0.5 F
U8F00H 3 12 0 0 0 12.0 0.25 U
FA1607 8 12 0 0 0 12.0 0.6666666666666666 F
FA1503 12 24 0 0 0 24.0 0.5 F
FA0803 4 8 0 0 0 8.0 0.5 F
FD1802 4 16 0 0 0 16.0 0.25 F
N35080 236 237 16 0 2 255.0 0.9254901960784314 N
FA2901 28 40 0 0 0 40.0 0.7 F
FJ2804 4 8 0 0 0 8.0 0.5 F
FA3001 4 16 4 0 0 20.0 0.2 F
UNEWAB 4 8 0 0 0 8.0 0.5 U
FL0603 4 27 0 0 0 27.0 0.14814814814814814 F
FF1001 4 8 0 0 0 8.0 0.5 F
FK2004 4 16 0 0 0 16.0 0.25 F
FL0405 8 12 0 0 0 12.0 0.6666666666666666 F
FC0409 4 8 0 0 0 8.0 0.5 F
FJ3007 4 8 0 0 0 8.0 0.5 F
FC0903 4 12 0 0 0 12.0 0.3333333333333333 F
FJ2711 4 8 0 0 0 8.0 0.5 F
FE1702 4 8 0 0 0 8.0 0.5 F
FL1004 8 13 0 0 0 13.0 0.6153846153846154 F
FC1903 4 12 0 0 0 12.0 0.3333333333333333 F
FL0102 8 16 0 0 0 16.0 0.5 F
FI1602 8 16 0 0 0 16.0 0.5 F
FC2503 4 8 0 0 0 8.0 0.5 F
FD2005 11 19 0 0 0 19.0 0.5789473684210527 F
FJ2704 4 8 0 0 0 8.0 0.5 F
FD2901 4 8 0 0 0 8.0 0.5 F
FJ2703 12 24 0 0 0 24.0 0.5 F
FE2401 8 28 4 0 0 32.0 0.25 F
FB1504 8 12 0 0 0 12.0 0.6666666666666666 F
FD2401 4 12 0 0 0 12.0 0.3333333333333333 F
FI2307 4 8 0 0 0 8.0 0.5 F
N46061 207 208 7 0 0 215.0 0.9627906976744186 N
FL0202 4 12 0 0 0 12.0 0.3333333333333333 F
FE0604 4 19 0 0 0 19.0 0.21052631578947367 F
FA2706 4 8 0 0 0 8.0 0.5 F
FC0101 12 28 4 0 0 32.0 0.375 F
N46045 190 191 8 0 1 200.0 0.95 N
FI2303 4 8 0 0 0 8.0 0.5 F
FC1506 4 12 0 0 0 12.0 0.3333333333333333 F
UCOV09 15 28 0 0 0 28.0 0.5357142857142857 U
FK2109 9 13 0 0 0 13.0 0.6923076923076923 F
FJ1603 4 20 0 0 0 20.0 0.2 F
FK0505 4 12 0 0 0 12.0 0.3333333333333333 F
FA1803 4 12 0 0 0 12.0 0.3333333333333333 F
N46027 327 330 8 0 7 345.0 0.9478260869565217 N
FK0403 5 21 0 0 0 21.0 0.23809523809523808 F
FJ0907 4 8 0 0 0 8.0 0.5 F
FD1402 4 12 0 0 0 12.0 0.3333333333333333 F
FA3008 4 8 0 0 0 8.0 0.5 F
FB2502 4 8 0 0 0 8.0 0.5 F
U00002 8 66 7 0 0 73.0 0.1095890410958904 U
FA1901 16 28 4 0 0 32.0 0.5 F
FK2501 8 25 0 0 2 27.0 0.2962962962962963 F
FK1602 12 28 0 0 0 28.0 0.42857142857142855 F
FD0902 4 12 0 0 0 12.0 0.3333333333333333 F
FC2101 4 12 0 0 0 12.0 0.3333333333333333 F
ULULIN 8 20 0 0 0 20.0 0.4 U
FL1205 4 8 0 0 0 8.0 0.5 F
FI2302 4 16 0 0 0 16.0 0.25 F
FJ0702 4 12 0 0 0 12.0 0.3333333333333333 F
U73P08 4 8 0 0 0 8.0 0.5 U
FI2301 4 19 0 0 0 19.0 0.21052631578947367 F
FJ1405 8 16 0 0 0 16.0 0.5 F
S07119 370 372 29 0 0 401.0 0.9226932668329177 S
FC2901 4 16 0 0 0 16.0 0.25 F
FD2201 4 8 4 0 0 12.0 0.3333333333333333 F
FC3003 8 12 0 0 0 12.0 0.6666666666666666 F
U73P04 4 8 0 0 0 8.0 0.5 U
FL1803 8 12 0 0 0 12.0 0.6666666666666666 F
FJ0402 4 16 0 0 0 16.0 0.25 F
FD0502 8 16 0 0 0 16.0 0.5 F
FL1806 4 8 0 0 0 8.0 0.5 F
FB0207 4 8 0 0 0 8.0 0.5 F
FE1904 4 9 0 0 0 9.0 0.4444444444444444 F
U8M00Z 9 14 0 0 0 14.0 0.6428571428571429 U
FA0701 4 12 0 0 0 12.0 0.3333333333333333 F
FI1001 4 12 0 0 0 12.0 0.3333333333333333 F
FA2401 4 8 0 0 0 8.0 0.5 F
U1A98A 8 12 0 0 0 12.0 0.6666666666666666 U
FK0405 8 16 0 0 0 16.0 0.5 F
FD2303 4 8 0 0 0 8.0 0.5 F
FD2301 11 23 0 0 1 24.0 0.4583333333333333 F
FI1805 4 16 0 0 0 16.0 0.25 F
FG0902 12 16 0 0 0 16.0 0.75 F
USWANC 20 40 0 0 0 40.0 0.5 U
FB2701 8 32 0 0 0 32.0 0.25 F
FB0401 8 12 0 0 0 12.0 0.6666666666666666 F
FI2401 8 28 0 0 0 28.0 0.2857142857142857 F
FC1603 4 20 0 0 0 20.0 0.2 F
FL3007 4 8 0 0 0 8.0 0.5 F
FB1305 4 8 0 0 0 8.0 0.5 F
FA3005 12 20 4 0 0 24.0 0.5 F
FL0903 5 9 0 0 0 9.0 0.5555555555555556 F
FB1302 12 28 0 0 0 28.0 0.42857142857142855 F
FK1906 4 8 0 0 0 8.0 0.5 F
U7C49Z 4 8 0 0 0 8.0 0.5 U
FK2302 4 13 0 0 0 13.0 0.3076923076923077 F
FI3009 4 8 0 0 0 8.0 0.5 F
FK1105 8 16 0 0 0 16.0 0.5 F
FE0201 4 12 0 0 0 12.0 0.3333333333333333 F
FL1601 4 20 0 0 0 20.0 0.2 F
N43054 215 216 12 0 0 228.0 0.9429824561403509 N
UE3678 5 10 0 0 0 10.0 0.5 U
FD1602 4 13 4 0 0 17.0 0.23529411764705882 F
U101PB 2 3 0 0 5 8.0 0.25 U
FC0403 5 13 0 0 0 13.0 0.38461538461538464 F
FJ1302 9 17 0 0 0 17.0 0.5294117647058824 F
FI2604 4 8 0 0 0 8.0 0.5 F
FC1705 3 11 0 0 0 11.0 0.2727272727272727 F
FB2105 16 24 0 0 0 24.0 0.6666666666666666 F
FK1803 9 29 0 0 0 29.0 0.3103448275862069 F
FI1406 4 12 0 0 0 12.0 0.3333333333333333 F
UN090B 4 8 0 0 0 8.0 0.5 U
FH2802 8 11 0 0 0 11.0 0.7272727272727273 F
FC0302 8 21 0 0 0 21.0 0.38095238095238093 F
N69018 64 66 0 0 0 66.0 0.9696969696969697 N
FG1802 4 8 0 0 0 8.0 0.5 F
Utest3 1 2 0 0 0 2.0 0.5 U
FJ0801 4 24 0 0 0 24.0 0.16666666666666666 F
FE1401 4 16 0 0 0 16.0 0.25 F
FC0501 4 8 0 0 0 8.0 0.5 F
FB2705 8 20 0 0 0 20.0 0.4 F
FA2902 4 12 0 0 0 12.0 0.3333333333333333 F
FL3101 4 12 0 0 0 12.0 0.3333333333333333 F
FF0902 4 20 0 0 0 20.0 0.2 F
FA2701 4 24 4 0 0 28.0 0.14285714285714285 F
FJ3003 5 17 0 0 0 17.0 0.29411764705882354 F
USWAN1 30 78 0 0 0 78.0 0.38461538461538464 U
FC1206 4 12 0 0 0 12.0 0.3333333333333333 F
FB2607 4 20 0 0 0 20.0 0.2 F
FK2105 8 13 0 0 0 13.0 0.6153846153846154 F
FK1001 4 12 0 0 0 12.0 0.3333333333333333 F
FI2802 4 8 0 0 0 8.0 0.5 F
FF1901 7 20 0 0 0 20.0 0.35 F
FL1302 12 20 0 0 0 20.0 0.6 F
USWAND 20 36 0 0 0 36.0 0.5555555555555556 U
FJ0206 4 8 0 0 0 8.0 0.5 F
FI1301 4 12 0 0 0 12.0 0.3333333333333333 F
FL0301 6 14 0 0 2 16.0 0.375 F
FK2508 8 16 0 0 0 16.0 0.5 F
FL1101 4 20 4 0 0 24.0 0.16666666666666666 F
FB0901 30 34 0 0 2 36.0 0.8333333333333334 F
FJ1202 4 8 0 0 0 8.0 0.5 F
FD0101 4 8 0 0 0 8.0 0.5 F
FI2702 4 13 0 0 0 13.0 0.3076923076923077 F
FG0601 5 9 0 0 0 9.0 0.5555555555555556 F
FB1403 4 12 0 0 0 12.0 0.3333333333333333 F
FJ0603 8 12 0 0 0 12.0 0.6666666666666666 F
FE2801 4 8 0 0 0 8.0 0.5 F
U73P07 4 8 0 0 0 8.0 0.5 U
FA2801 4 21 0 0 0 21.0 0.19047619047619047 F
FD0205 5 9 0 0 0 9.0 0.5555555555555556 F
FL2103 4 8 0 0 0 8.0 0.5 F
FE0605 8 15 0 0 0 15.0 0.5333333333333333 F
FE0804 4 8 0 0 0 8.0 0.5 F
FK1005 4 8 0 0 0 8.0 0.5 F
N43029 374 376 8 0 1 385.0 0.9714285714285714 N
FL0406 12 16 0 0 0 16.0 0.75 F
FL2001 8 20 3 0 0 23.0 0.34782608695652173 F
FK0202 4 16 0 0 0 16.0 0.25 F
N57047 111 113 8 0 0 121.0 0.9173553719008265 N
FK1504 7 27 0 0 0 27.0 0.25925925925925924 F
FD2902 8 12 0 0 0 12.0 0.6666666666666666 F
FK2104 4 16 0 0 0 16.0 0.25 F
FB0504 8 16 0 0 0 16.0 0.5 F
FJ1605 4 12 0 0 0 12.0 0.3333333333333333 F
FB1303 8 16 0 0 0 16.0 0.5 F
FD0603 8 21 0 0 0 21.0 0.38095238095238093 F
FK0602 4 20 0 0 0 20.0 0.2 F
FJ0901 13 43 0 0 0 43.0 0.3023255813953488 F
FI2607 4 8 0 0 0 8.0 0.5 F
FE0401 4 18 0 0 0 18.0 0.2222222222222222 F
FC1303 4 12 0 0 0 12.0 0.3333333333333333 F
FD2203 4 8 0 0 0 8.0 0.5 F
FJ2706 4 8 0 0 0 8.0 0.5 F
FC1102 4 20 0 0 0 20.0 0.2 F
FB0903 8 12 0 0 0 12.0 0.6666666666666666 F
FA2603 4 8 0 0 0 8.0 0.5 F
FC1801 4 20 0 0 0 20.0 0.2 F
FC1005 4 16 0 0 0 16.0 0.25 F
FB2306 4 8 0 0 0 8.0 0.5 F
FF0903 4 12 0 0 0 12.0 0.3333333333333333 F
FJ2104 4 12 0 0 0 12.0 0.3333333333333333 F
FC1607 4 8 0 0 0 8.0 0.5 F
FC1804 4 8 0 0 0 8.0 0.5 F
FD2603 4 8 0 0 0 8.0 0.5 F
FL1703 4 8 4 0 0 12.0 0.3333333333333333 F
FB1003 4 8 0 0 0 8.0 0.5 F
FK1207 4 8 0 0 0 8.0 0.5 F
FJ2504 4 12 0 0 0 12.0 0.3333333333333333 F
FC1504 4 12 0 0 0 12.0 0.3333333333333333 F
U005W2 4 8 0 0 0 8.0 0.5 U
FC2703 7 11 0 0 0 11.0 0.6363636363636364 F
FJ2705 4 12 0 0 0 12.0 0.3333333333333333 F
U58148 4 12 0 0 0 12.0 0.3333333333333333 U
FJ2106 4 8 0 0 0 8.0 0.5 F
FF0501 4 17 0 0 0 17.0 0.23529411764705882 F
FE2101 4 16 0 0 0 16.0 0.25 F
FL1103 8 16 0 0 0 16.0 0.5 F
N69041 30 31 0 0 0 31.0 0.967741935483871 N
FK1908 4 8 0 0 0 8.0 0.5 F
FJ1702 4 21 0 0 0 21.0 0.19047619047619047 F
FF2201 4 13 0 0 0 13.0 0.3076923076923077 F
U8Q00Y 10 14 0 0 0 14.0 0.7142857142857143 U
FJ0302 4 12 0 0 0 12.0 0.3333333333333333 F
FB1101 8 12 4 0 0 16.0 0.5 F
FL3110 4 8 0 0 0 8.0 0.5 F
FI3006 8 12 0 0 0 12.0 0.6666666666666666 F
FD1501 12 24 0 0 0 24.0 0.5 F
FJ2903 8 20 0 0 0 20.0 0.4 F
FD1401 4 20 0 0 0 20.0 0.2 F
FB0301 8 12 0 0 0 12.0 0.6666666666666666 F
FJ2601 4 8 0 0 0 8.0 0.5 F
N23016 366 368 20 0 0 388.0 0.9432989690721649 N
FA2709 4 8 0 0 0 8.0 0.5 F
FE1203 8 20 0 0 0 20.0 0.4 F
FC0402 9 25 0 0 0 25.0 0.36 F
FI3002 4 16 0 0 0 16.0 0.25 F
FB0105 4 12 0 0 0 12.0 0.3333333333333333 F
FB2801 8 12 0 0 0 12.0 0.6666666666666666 F
FE2001 8 12 0 0 0 12.0 0.6666666666666666 F
FC2304 4 8 0 0 0 8.0 0.5 F
FK0604 5 13 0 0 0 13.0 0.38461538461538464 F
U00001 54 149 4 0 0 153.0 0.35294117647058826 U
FJ1802 4 8 0 0 0 8.0 0.5 F
FJ0404 4 16 0 0 0 16.0 0.25 F
FE2701 15 26 0 0 1 27.0 0.5555555555555556 F
N40034 418 419 28 0 3 450.0 0.9288888888888889 N
N12015 366 368 34 0 0 402.0 0.9104477611940298 N
FK1901 3 19 0 0 1 20.0 0.15 F
FL0604 5 25 0 0 0 25.0 0.2 F
FK0201 4 24 0 0 0 24.0 0.16666666666666666 F
FC1605 4 16 0 0 0 16.0 0.25 F
FF0901 8 20 0 0 0 20.0 0.4 F
FL1104 4 8 0 0 0 8.0 0.5 F
FK0303 4 8 0 0 0 8.0 0.5 F
FJ2404 4 12 0 0 0 12.0 0.3333333333333333 F
FK2007 12 24 0 0 0 24.0 0.5 F
FL0403 8 16 0 0 0 16.0 0.5 F
FK1206 4 8 0 0 0 8.0 0.5 F
FK1104 4 20 0 0 0 20.0 0.2 F
FD2004 4 12 0 0 0 12.0 0.3333333333333333 F
Utwilt 9 17 0 0 49 66.0 0.13636363636363635 U
FK0802 7 19 0 0 1 20.0 0.35 F
FB2504 4 17 0 0 0 17.0 0.23529411764705882 F
FJ0101 4 12 0 0 0 12.0 0.3333333333333333 F
FJ1609 4 8 0 0 0 8.0 0.5 F
FE1703 8 12 0 0 0 12.0 0.6666666666666666 F
FF1802 4 8 0 0 0 8.0 0.5 F
FB1903 8 12 0 0 0 12.0 0.6666666666666666 F
FA0705 4 6 0 0 2 8.0 0.5 F
FI2602 8 20 0 0 0 20.0 0.4 F
FI2403 4 20 0 0 0 20.0 0.2 F
FL1605 5 8 0 0 1 9.0 0.5555555555555556 F
N18123 306 307 4 0 1 312.0 0.9807692307692307 N
FI2406 5 9 0 0 0 9.0 0.5555555555555556 F
FG2801 4 8 0 0 0 8.0 0.5 F
FK2701 4 17 0 0 0 17.0 0.23529411764705882 F
FE1204 8 12 0 0 0 12.0 0.6666666666666666 F
FI2703 4 8 0 0 0 8.0 0.5 F
FL0402 4 32 0 0 0 32.0 0.125 F
FJ1807 8 12 0 0 0 12.0 0.6666666666666666 F
U4XL1F 4 8 0 0 0 8.0 0.5 U
FD1502 4 24 0 0 0 24.0 0.16666666666666666 F
FK0301 4 22 0 0 0 22.0 0.18181818181818182 F
FC1703 4 13 0 0 0 13.0 0.3076923076923077 F
N63022 121 124 4 0 1 129.0 0.937984496124031 N
FB1404 4 8 0 0 0 8.0 0.5 F
FJ1303 4 5 0 0 0 5.0 0.8 F
FJ2107 4 8 0 0 0 8.0 0.5 F
N43030 400 402 16 0 2 420.0 0.9523809523809523 N
FB0302 4 12 0 0 0 12.0 0.3333333333333333 F
S01031 216 236 20 0 3 259.0 0.833976833976834 S
FI2603 4 16 0 0 0 16.0 0.25 F
FF0402 4 8 0 0 0 8.0 0.5 F
FK2402 4 12 0 0 0 12.0 0.3333333333333333 F
FK0504 2 16 0 0 0 16.0 0.125 F
FL1005 4 8 0 0 0 8.0 0.5 F
FD0904 5 10 0 0 0 10.0 0.5 F
FE1003 4 8 0 0 0 8.0 0.5 F
FA2805 4 8 0 0 0 8.0 0.5 F
FD1202 8 16 4 0 0 20.0 0.4 F
FD0503 4 12 0 0 0 12.0 0.3333333333333333 F
FK0404 4 13 0 0 0 13.0 0.3076923076923077 F
FD0804 8 17 0 0 0 17.0 0.47058823529411764 F
FA0605 4 12 0 0 0 12.0 0.3333333333333333 F
N49001 14 23 0 0 0 23.0 0.6086956521739131 N
FB2610 8 12 0 0 0 12.0 0.6666666666666666 F
FJ3102 12 36 0 0 0 36.0 0.3333333333333333 F
FA1602 16 20 0 0 0 20.0 0.8 F
N01003 106 112 16 5 135 268.0 0.39552238805970147 N
FB2202 4 28 0 0 0 28.0 0.14285714285714285 F
FJ1601 4 20 0 0 0 20.0 0.2 F
FI2608 4 8 0 0 0 8.0 0.5 F
FD1504 8 12 0 0 0 12.0 0.6666666666666666 F
N43001 111 114 0 0 5 119.0 0.9327731092436975 N
FC1701 4 34 0 0 0 34.0 0.11764705882352941 F
FD0203 4 12 0 0 0 12.0 0.3333333333333333 F
FA0203 4 12 0 0 0 12.0 0.3333333333333333 F
FL1705 4 8 0 0 0 8.0 0.5 F
FE2603 4 8 0 0 0 8.0 0.5 F
FK2507 4 8 0 0 0 8.0 0.5 F
FI2304 8 15 0 0 1 16.0 0.5 F
USWANB 20 36 0 0 0 36.0 0.5555555555555556 U
FL1604 5 9 0 0 0 9.0 0.5555555555555556 F
FA1402 8 12 0 0 0 12.0 0.6666666666666666 F
FF2002 4 12 4 0 0 16.0 0.25 F
FL0204 8 12 0 0 0 12.0 0.6666666666666666 F
FK0704 4 8 0 0 0 8.0 0.5 F
FL2104 8 13 0 0 0 13.0 0.6153846153846154 F
FE1302 16 24 0 0 0 24.0 0.6666666666666666 F
FB2101 4 16 0 0 0 16.0 0.25 F
FB0305 4 8 0 0 0 8.0 0.5 F
FC1503 4 12 0 0 0 12.0 0.3333333333333333 F
FE0902 6 10 0 0 0 10.0 0.6 F
FB1402 8 16 16 0 0 32.0 0.25 F
FK1203 8 32 0 0 0 32.0 0.25 F
FC1601 4 12 4 0 0 16.0 0.25 F
FD1904 8 9 0 0 0 9.0 0.8888888888888888 F
FK1801 8 24 0 0 0 24.0 0.3333333333333333 F
FJ2103 8 23 0 0 1 24.0 0.3333333333333333 F
FJ1503 8 20 0 0 0 20.0 0.4 F
FB2305 8 12 0 0 0 12.0 0.6666666666666666 F
FJ2301 4 12 0 0 0 12.0 0.3333333333333333 F
FA1002 4 28 0 0 0 28.0 0.14285714285714285 F
FE0202 4 16 0 0 0 16.0 0.25 F
FJ1906 9 17 0 0 0 17.0 0.5294117647058824 F
FB0108 4 8 0 0 0 8.0 0.5 F
FK1401 4 12 0 0 0 12.0 0.3333333333333333 F
FJ2407 4 8 0 0 0 8.0 0.5 F
FA0704 4 6 0 0 2 8.0 0.5 F
FE2502 8 16 0 0 0 16.0 0.5 F
UCOV02 4 20 0 0 0 20.0 0.2 U
FC2504 4 8 0 0 0 8.0 0.5 F
FC2601 4 20 4 0 0 24.0 0.16666666666666666 F
UCOV07 8 12 0 0 0 12.0 0.6666666666666666 U
ULINEA 8 12 0 0 0 12.0 0.6666666666666666 U
FI0303 5 9 0 0 0 9.0 0.5555555555555556 F
FC0205 12 20 0 0 0 20.0 0.6 F
N46051 164 165 4 0 0 169.0 0.9704142011834319 N
FD2003 4 12 0 0 0 12.0 0.3333333333333333 F
FJ0902 7 16 0 0 7 23.0 0.30434782608695654 F
FK3005 8 12 0 0 0 12.0 0.6666666666666666 F
FE2403 4 8 0 0 0 8.0 0.5 F
FA2402 20 24 0 0 0 24.0 0.8333333333333334 F
FJ1804 8 12 0 0 0 12.0 0.6666666666666666 F
FK2210 8 16 0 0 0 16.0 0.5 F
FJ1602 4 20 0 0 0 20.0 0.2 F
FI1402 8 28 0 0 0 28.0 0.2857142857142857 F
FK1706 4 8 0 0 0 8.0 0.5 F
FI1404 4 21 0 0 0 21.0 0.19047619047619047 F
FB0502 9 17 0 0 0 17.0 0.5294117647058824 F
FJ1101 15 32 0 0 0 32.0 0.46875 F
UCOV01 4 31 0 0 0 31.0 0.12903225806451613 U
FB0204 4 28 0 0 0 28.0 0.14285714285714285 F
USWAN3 15 27 0 0 0 27.0 0.5555555555555556 U
FJ0208 4 8 0 0 0 8.0 0.5 F
U073P1 34 38 0 0 0 38.0 0.8947368421052632 U
FD0505 4 8 0 0 0 8.0 0.5 F
FL1102 8 12 0 0 0 12.0 0.6666666666666666 F
FK1103 4 20 0 0 0 20.0 0.2 F
U6X00Y 4 8 0 0 0 8.0 0.5 U
FB1503 4 8 0 0 0 8.0 0.5 F
FI1607 12 16 0 0 0 16.0 0.75 F
FI1409 4 8 0 0 0 8.0 0.5 F
FK0101 8 33 0 0 0 33.0 0.24242424242424243 F
FL2801 4 8 0 0 0 8.0 0.5 F
FL2401 4 8 0 0 0 8.0 0.5 F
USLOW1 4 8 0 0 0 8.0 0.5 U
FE1901 4 13 4 0 0 17.0 0.23529411764705882 F
FA0901 4 12 0 0 0 12.0 0.3333333333333333 F
FK2209 4 12 0 0 0 12.0 0.3333333333333333 F
FD1201 8 20 4 0 0 24.0 0.3333333333333333 F
U128EB 11 12 0 0 0 12.0 0.9166666666666666 U
U3020A 4 8 0 0 0 8.0 0.5 U
FB2702 8 24 0 0 0 24.0 0.3333333333333333 F
FE0703 4 8 0 0 0 8.0 0.5 F
FC1501 4 20 0 0 0 20.0 0.2 F
FE1902 4 12 0 0 0 12.0 0.3333333333333333 F
FK2401 4 12 0 0 0 12.0 0.3333333333333333 F
FJ2207 2 8 0 0 0 8.0 0.25 F
N32038 525 529 33 0 0 562.0 0.9341637010676157 N
FK0105 5 9 0 0 0 9.0 0.5555555555555556 F
FJ1402 4 12 0 0 0 12.0 0.3333333333333333 F
FD2102 4 8 0 0 0 8.0 0.5 F
FL2901 8 16 4 0 0 20.0 0.4 F
FD0504 4 8 0 0 0 8.0 0.5 F
FK2208 12 21 0 0 0 21.0 0.5714285714285714 F
FK0501 8 12 0 0 1 13.0 0.6153846153846154 F
FB2602 8 20 0 0 0 20.0 0.4 F
FJ0202 4 8 0 0 0 8.0 0.5 F
FB2303 4 16 0 0 0 16.0 0.25 F
N12040 80 81 0 0 0 81.0 0.9876543209876543 N
FK2305 5 9 0 0 1 10.0 0.5 F
FA1201 4 8 0 0 0 8.0 0.5 F
FJ2701 4 12 0 0 0 12.0 0.3333333333333333 F
FL0503 4 14 0 0 0 14.0 0.2857142857142857 F
FL3005 4 13 0 0 0 13.0 0.3076923076923077 F
FC1706 8 12 0 0 0 12.0 0.6666666666666666 F
FI3003 4 12 0 0 0 12.0 0.3333333333333333 F
FE1001 4 28 0 0 0 28.0 0.14285714285714285 F
FK0103 4 12 0 0 0 12.0 0.3333333333333333 F
FL0502 8 21 0 0 0 21.0 0.38095238095238093 F
FA2008 4 8 0 0 0 8.0 0.5 F
FK2101 8 20 0 0 0 20.0 0.4 F
FJ1103 8 12 0 0 0 12.0 0.6666666666666666 F
FJ1607 8 12 0 0 0 12.0 0.6666666666666666 F
N43021 9 13 0 0 0 13.0 0.6923076923076923 N
FI1901 5 17 0 0 0 17.0 0.29411764705882354 F
FL1105 8 16 0 0 0 16.0 0.5 F
FL2004 4 16 0 0 0 16.0 0.25 F
FB1905 12 16 0 0 0 16.0 0.75 F
FJ2102 4 16 0 0 0 16.0 0.25 F
FB2002 4 12 0 0 0 12.0 0.3333333333333333 F
U3A48F 12 20 0 0 0 20.0 0.6 U
FI1501 4 28 0 0 0 28.0 0.14285714285714285 F
FH2901 8 12 0 0 0 12.0 0.6666666666666666 F
FL3006 8 12 0 0 0 12.0 0.6666666666666666 F
UNEWAA 4 12 0 0 0 12.0 0.3333333333333333 U
FB0101 9 17 0 0 0 17.0 0.5294117647058824 F
FJ1907 3 12 0 0 0 12.0 0.25 F
FI1401 4 24 0 0 1 25.0 0.16 F
FC0802 9 13 0 0 0 13.0 0.6923076923076923 F
FB0205 4 16 0 0 0 16.0 0.25 F
FB1803 8 12 0 0 0 12.0 0.6666666666666666 F
FA3103 4 12 0 0 0 12.0 0.3333333333333333 F
FB0704 4 8 0 0 0 8.0 0.5 F
FE2601 12 24 0 0 0 24.0 0.5 F
N35038 467 469 36 0 0 505.0 0.9247524752475248 N
FH2801 12 22 0 0 0 22.0 0.5454545454545454 F
FC1201 4 8 0 0 0 8.0 0.5 F
FC0601 4 8 0 0 0 8.0 0.5 F
FB0106 4 8 0 0 0 8.0 0.5 F
FE1102 8 12 0 0 0 12.0 0.6666666666666666 F
U97832 12 16 0 0 8 24.0 0.5 U
FC0906 4 12 0 0 0 12.0 0.3333333333333333 F
FA0601 4 12 0 0 0 12.0 0.3333333333333333 F
N69040 39 41 0 0 1 42.0 0.9285714285714286 N
FJ0204 4 8 0 0 0 8.0 0.5 F
FD1701 4 8 0 0 0 8.0 0.5 F
FA2704 4 16 0 0 0 16.0 0.25 F
U3020D 4 8 0 0 0 8.0 0.5 U
FK1604 8 20 0 0 0 20.0 0.4 F
FD3001 3 28 0 0 0 28.0 0.10714285714285714 F
FJ2308 4 8 0 0 0 8.0 0.5 F
FC1708 4 12 0 0 0 12.0 0.3333333333333333 F
FC2401 12 20 0 0 0 20.0 0.6 F
FB1909 12 16 0 0 0 16.0 0.75 F
FC2803 8 12 0 0 0 12.0 0.6666666666666666 F
FI1504 4 8 0 0 0 8.0 0.5 F
N12077 372 373 8 0 0 381.0 0.9763779527559056 N
FL1704 4 8 0 0 0 8.0 0.5 F
FC0304 4 12 0 0 0 12.0 0.3333333333333333 F
FA2804 12 20 0 0 0 20.0 0.6 F
FI1801 4 19 0 0 1 20.0 0.2 F
FI3008 4 8 0 0 0 8.0 0.5 F
FA2601 9 25 0 0 0 25.0 0.36 F
FC0503 8 16 0 0 0 16.0 0.5 F
FJ2502 12 24 0 0 0 24.0 0.5 F
UF3243 5 6 0 0 0 6.0 0.8333333333333334 U
FB0906 12 20 0 0 0 20.0 0.6 F
N01002 185 190 31 0 12 233.0 0.7939914163090128 N
FA0602 8 16 0 0 0 16.0 0.5 F
N55026 192 193 22 0 0 215.0 0.8930232558139535 N
FI1701 4 20 0 0 0 20.0 0.2 F
FK1503 4 20 0 0 0 20.0 0.2 F
FI2404 4 16 0 0 0 16.0 0.25 F
UW40XY 4 6 0 0 0 6.0 0.6666666666666666 U
FJ1905 8 16 0 0 0 16.0 0.5 F
N01004 296 298 12 0 44 354.0 0.8361581920903954 N
FJ1501 8 16 0 0 0 16.0 0.5 F
FD0702 4 20 0 0 0 20.0 0.2 F
FD1505 4 8 0 0 0 8.0 0.5 F
UERIC1 4 5 0 0 0 5.0 0.8 U
FI2101 12 16 0 0 0 16.0 0.75 F
FB2704 4 12 0 0 0 12.0 0.3333333333333333 F
S09110 303 306 4 0 1 311.0 0.9742765273311897 S
FB0102 8 20 0 0 0 20.0 0.4 F
FJ0802 4 20 0 0 0 20.0 0.2 F
FD0102 4 7 0 0 0 7.0 0.5714285714285714 F
N12118 376 377 8 0 1 386.0 0.9740932642487047 N
FJ0804 4 12 0 0 0 12.0 0.3333333333333333 F
FL0201 4 16 0 0 0 16.0 0.25 F
N09059 367 368 50 0 1 419.0 0.8758949880668258 N
FB1601 4 12 0 0 0 12.0 0.3333333333333333 F
FI1002 8 12 0 0 0 12.0 0.6666666666666666 F
FE1903 8 16 0 0 0 16.0 0.5 F
FA3004 4 20 4 0 0 24.0 0.16666666666666666 F
FI1407 5 9 0 0 0 9.0 0.5555555555555556 F
FA1101 4 12 0 0 0 12.0 0.3333333333333333 F
N12045 447 449 40 0 0 489.0 0.9141104294478528 N
FK1808 4 8 0 0 0 8.0 0.5 F
FC1604 4 20 0 0 0 20.0 0.2 F
N38033 493 496 28 0 2 526.0 0.9372623574144486 N
FL1701 8 16 0 0 0 16.0 0.5 F
FF2103 16 28 0 0 0 28.0 0.5714285714285714 F
N32039 508 510 29 0 0 539.0 0.9424860853432282 N
FL1002 4 8 0 0 0 8.0 0.5 F
FC0401 4 24 0 0 0 24.0 0.16666666666666666 F
FC0901 4 16 0 0 0 16.0 0.25 F
N52054 143 147 0 0 0 147.0 0.9727891156462585 N
FK1903 4 12 0 0 0 12.0 0.3333333333333333 F
FI1003 5 17 0 0 0 17.0 0.29411764705882354 F
U73P03 4 8 0 0 0 8.0 0.5 U
FD1403 4 12 0 0 0 12.0 0.3333333333333333 F
FF2101 8 41 0 0 0 41.0 0.1951219512195122 F
U59032 4 6 0 0 2 8.0 0.5 U
N26036 232 234 0 0 1 235.0 0.9872340425531915 N
S01127 309 310 36 0 0 346.0 0.8930635838150289 S
U7U03R 16 21 0 0 1 22.0 0.7272727272727273 U
FC1704 4 12 0 0 0 12.0 0.3333333333333333 F
FK2107 16 25 0 0 0 25.0 0.64 F
FG0901 4 8 0 0 0 8.0 0.5 F
UVELA1 8 11 0 0 0 11.0 0.7272727272727273 U
FB1605 4 8 0 0 0 8.0 0.5 F
FJ2602 8 12 0 0 0 12.0 0.6666666666666666 F
FI2605 4 16 0 0 0 16.0 0.25 F
FJ2503 4 12 0 0 0 12.0 0.3333333333333333 F
FA2705 8 20 0 0 0 20.0 0.4 F
FI2501 4 24 0 0 0 24.0 0.16666666666666666 F
FC1106 4 8 0 0 0 8.0 0.5 F
FD2204 4 8 0 0 0 8.0 0.5 F
FK0603 4 8 0 0 0 8.0 0.5 F
FD1102 4 24 0 0 0 24.0 0.16666666666666666 F
FI0501 4 8 0 0 0 8.0 0.5 F
FI1702 4 15 0 0 1 16.0 0.25 F
FD2804 8 12 0 0 0 12.0 0.6666666666666666 F
FI2201 5 13 0 0 0 13.0 0.38461538461538464 F
FL2404 4 8 0 0 0 8.0 0.5 F
FK1603 7 19 0 0 0 19.0 0.3684210526315789 F
FI2102 4 8 0 0 0 8.0 0.5 F
FD1506 4 8 0 0 0 8.0 0.5 F
FD2602 4 8 12 0 12 32.0 0.125 F
FJ3001 4 20 0 0 0 20.0 0.2 F
FA1604 4 12 0 0 0 12.0 0.3333333333333333 F
FJ1703 8 20 0 0 0 20.0 0.4 F
FB0702 8 20 0 0 0 20.0 0.4 F
FB2703 4 12 0 0 0 12.0 0.3333333333333333 F
FC1007 4 12 0 0 0 12.0 0.3333333333333333 F
FC0102 8 12 4 0 0 16.0 0.5 F
FB1501 20 28 0 0 0 28.0 0.7142857142857143 F
FL3003 5 14 0 0 0 14.0 0.35714285714285715 F
FA2604 4 8 0 0 0 8.0 0.5 F
FK0203 9 25 0 0 0 25.0 0.36 F
FA2303 8 12 0 0 0 12.0 0.6666666666666666 F
FK1506 16 20 0 0 1 21.0 0.7619047619047619 F
FB2407 4 8 0 0 0 8.0 0.5 F
FC2602 4 12 4 0 0 16.0 0.25 F
FI1405 4 25 0 0 0 25.0 0.16 F
FE0802 4 16 0 0 0 16.0 0.25 F
FJ0503 4 8 0 0 0 8.0 0.5 F
FF2402 8 12 0 0 0 12.0 0.6666666666666666 F
FI1403 4 21 0 0 0 21.0 0.19047619047619047 F
FA1003 8 20 0 0 0 20.0 0.4 F
UCOV04 8 20 0 0 0 20.0 0.4 U
FL3105 8 12 0 0 0 12.0 0.6666666666666666 F
FK2403 4 8 0 0 0 8.0 0.5 F
FK3001 4 12 0 0 0 12.0 0.3333333333333333 F
FB0907 12 16 0 0 0 16.0 0.75 F
FL0902 5 13 0 0 0 13.0 0.38461538461538464 F
FA1506 8 12 0 0 0 12.0 0.6666666666666666 F
FE0801 8 23 0 0 0 23.0 0.34782608695652173 F
FL2201 12 28 0 0 0 28.0 0.42857142857142855 F
FE0603 8 15 0 0 0 15.0 0.5333333333333333 F
FL0601 4 18 0 0 0 18.0 0.2222222222222222 F
FF2202 8 12 0 0 0 12.0 0.6666666666666666 F
FB0304 4 16 0 0 0 16.0 0.25 F
FI2407 4 8 0 0 0 8.0 0.5 F
FL0904 12 16 0 0 0 16.0 0.75 F
FI1603 4 12 0 0 0 12.0 0.3333333333333333 F
FI0601 4 16 0 0 0 16.0 0.25 F
FK1404 20 26 0 0 0 26.0 0.7692307692307693 F
FG0301 5 9 0 0 0 9.0 0.5555555555555556 F
U4XL1C 4 8 0 0 0 8.0 0.5 U
FL1903 4 8 0 0 0 8.0 0.5 F
FD2402 8 12 4 0 0 16.0 0.5 F
FJ0203 4 8 0 0 0 8.0 0.5 F
N01001 113 131 31 4 90 256.0 0.44140625 N
FJ0501 13 17 0 0 0 17.0 0.7647058823529411 F
FB2401 4 8 0 0 0 8.0 0.5 F
FJ3004 4 12 0 0 0 12.0 0.3333333333333333 F
FB2008 4 8 0 0 0 8.0 0.5 F
FL1801 4 8 0 0 0 8.0 0.5 F
FC0602 8 13 0 0 0 13.0 0.6153846153846154 F
FJ2307 4 8 0 0 0 8.0 0.5 F
FD1801 12 29 4 0 3 36.0 0.3333333333333333 F
FB2506 4 16 0 0 0 16.0 0.25 F
FJ0806 4 20 0 0 0 20.0 0.2 F
FE1601 4 12 0 0 0 12.0 0.3333333333333333 F
FC2701 4 12 4 0 0 16.0 0.25 F
FK1301 4 28 0 0 0 28.0 0.14285714285714285 F
FL2903 16 20 4 0 0 24.0 0.6666666666666666 F
FH2902 4 8 0 0 0 8.0 0.5 F
FK2006 8 14 0 0 0 14.0 0.5714285714285714 F
FC0404 8 16 0 0 0 16.0 0.5 F
FE0101 4 12 4 0 0 16.0 0.25 F
S01003 153 177 16 0 56 249.0 0.6144578313253012 S
FK2206 4 13 0 0 0 13.0 0.3076923076923077 F
FC1401 4 24 4 0 0 28.0 0.14285714285714285 F
FK0302 4 20 0 0 0 20.0 0.2 F
N46065 250 251 4 0 1 256.0 0.9765625 N
FK1302 4 28 0 0 0 28.0 0.14285714285714285 F
FD2002 4 12 0 0 0 12.0 0.3333333333333333 F
FJ1306 12 16 0 0 0 16.0 0.75 F
FJ2405 4 8 0 0 0 8.0 0.5 F
FD1804 4 16 0 0 0 16.0 0.25 F
FA0801 12 16 0 0 0 16.0 0.75 F
FJ1208 4 8 0 0 0 8.0 0.5 F
U00003 20 66 6 0 3 75.0 0.26666666666666666 U
FJ1901 9 17 0 0 0 17.0 0.5294117647058824 F
FC1003 4 12 0 0 0 12.0 0.3333333333333333 F
FK2205 4 13 0 0 1 14.0 0.2857142857142857 F
N18054 472 473 36 0 0 509.0 0.9273084479371316 N
FA1502 8 20 0 0 0 20.0 0.4 F
FK1002 8 12 0 0 0 12.0 0.6666666666666666 F
FD2604 4 8 0 0 0 8.0 0.5 F
FB1904 12 16 0 0 0 16.0 0.75 F
FK1204 8 20 0 0 0 20.0 0.4 F
N66019 90 91 0 0 2 93.0 0.967741935483871 N
FK2106 4 12 0 0 0 12.0 0.3333333333333333 F
FA1606 8 12 0 0 0 12.0 0.6666666666666666 F
FJ0905 4 16 0 0 0 16.0 0.25 F
FF1701 4 20 4 0 0 24.0 0.16666666666666666 F
FJ2105 10 23 0 0 1 24.0 0.4166666666666667 F
FL3104 4 8 0 0 0 8.0 0.5 F
FK1703 7 19 0 0 0 19.0 0.3684210526315789 F
FL1602 8 16 0 0 0 16.0 0.5 F
FB2405 4 8 0 0 0 8.0 0.5 F
FB0103 4 20 0 0 0 20.0 0.2 F
FA2602 12 16 0 0 0 16.0 0.75 F
FC0902 4 16 0 0 0 16.0 0.25 F
FI1902 5 13 0 0 0 13.0 0.38461538461538464 F
FE1202 4 12 0 0 0 12.0 0.3333333333333333 F
FL1603 12 17 0 0 3 20.0 0.6 F
FC1707 8 20 0 0 0 20.0 0.4 F
FK1304 8 16 0 0 0 16.0 0.5 F
FJ1803 4 8 0 0 0 8.0 0.5 F
FI2503 4 12 0 0 0 12.0 0.3333333333333333 F
FL0901 5 9 0 0 0 9.0 0.5555555555555556 F
FA1601 4 12 0 0 0 12.0 0.3333333333333333 F
FJ1403 12 20 0 0 0 20.0 0.6 F
FI1502 4 18 0 0 0 18.0 0.2222222222222222 F
FI0301 8 12 0 0 0 12.0 0.6666666666666666 F
FG0202 5 9 0 0 0 9.0 0.5555555555555556 F
FA1501 8 16 0 0 0 16.0 0.5 F
N04017 225 229 15 0 2 246.0 0.9146341463414634 N
FD2702 4 8 0 0 0 8.0 0.5 F
FC2102 8 12 0 0 0 12.0 0.6666666666666666 F
FK1101 4 20 0 0 0 20.0 0.2 F
FF1602 4 16 4 0 0 20.0 0.2 F
FD0903 9 13 0 0 0 13.0 0.6923076923076923 F
FL2105 4 8 0 0 0 8.0 0.5 F
N29038 523 525 32 0 1 558.0 0.9372759856630825 N
FC2404 8 12 0 0 0 12.0 0.6666666666666666 F
FK1608 5 13 0 0 0 13.0 0.38461538461538464 F
FJ2101 5 17 0 0 0 17.0 0.29411764705882354 F
FC3002 8 16 0 0 0 16.0 0.5 F
FA1603 8 12 0 0 0 12.0 0.6666666666666666 F
FK1006 4 8 0 0 0 8.0 0.5 F
FB2503 4 12 0 0 0 12.0 0.3333333333333333 F
FB0801 4 17 0 0 0 17.0 0.23529411764705882 F
FA3003 8 28 4 0 0 32.0 0.25 F
U8L08W 8 13 0 0 0 13.0 0.6153846153846154 U
FC2802 8 12 0 0 0 12.0 0.6666666666666666 F
FJ0201 4 8 0 0 0 8.0 0.5 F
FA3102 5 13 2 0 0 15.0 0.3333333333333333 F
FD1604 8 12 4 0 0 16.0 0.5 F
FG1801 4 16 0 0 0 16.0 0.25 F
FJ3005 8 16 0 0 0 16.0 0.5 F
FB1906 8 12 0 0 0 12.0 0.6666666666666666 F
FI1102 9 17 0 0 0 17.0 0.5294117647058824 F
FB1902 12 16 0 0 4 20.0 0.6 F
FI1906 4 8 0 0 0 8.0 0.5 F
FB1901 12 24 0 0 4 28.0 0.42857142857142855 F
USWAN2 4 31 0 0 0 31.0 0.12903225806451613 U
FJ0205 4 8 0 0 0 8.0 0.5 F
FE0803 21 36 0 0 0 36.0 0.5833333333333334 F
S21080 63 66 4 0 5 75.0 0.84 S
N26022 396 399 1 0 4 404.0 0.9801980198019802 N
UCOV10 8 12 0 0 0 12.0 0.6666666666666666 U
FE1402 4 12 0 0 0 12.0 0.3333333333333333 F
N35076 375 376 28 0 1 405.0 0.9259259259259259 N
FI1302 4 12 0 0 0 12.0 0.3333333333333333 F
FL0505 8 12 0 0 0 12.0 0.6666666666666666 F
FJ0803 4 12 0 0 0 12.0 0.3333333333333333 F
N12048 454 456 31 0 1 488.0 0.930327868852459 N
FD0204 5 9 0 0 0 9.0 0.5555555555555556 F
FK1502 8 24 0 0 0 24.0 0.3333333333333333 F
FB0904 4 8 0 0 0 8.0 0.5 F
FL3103 8 12 0 0 0 12.0 0.6666666666666666 F
FL1901 4 12 16 0 0 28.0 0.14285714285714285 F
FJ2708 9 13 0 0 0 13.0 0.6923076923076923 F
FL0101 4 24 0 0 0 24.0 0.16666666666666666 F
FJ1102 4 16 0 0 0 16.0 0.25 F
FA0702 4 8 0 0 0 8.0 0.5 F
FL3109 8 15 0 0 0 15.0 0.5333333333333333 F
FJ1706 4 8 0 0 0 8.0 0.5 F
FI3001 8 24 0 0 0 24.0 0.3333333333333333 F
FJ3106 4 8 0 1 0 9.0 0.4444444444444444 F
N12065 410 411 33 0 3 447.0 0.9172259507829977 N
FK1802 4 27 0 0 2 29.0 0.13793103448275862 F
FF1002 8 12 0 0 0 12.0 0.6666666666666666 F
FJ1401 4 16 0 0 0 16.0 0.25 F
FA0204 8 12 0 0 0 12.0 0.6666666666666666 F
FK1702 4 27 0 0 1 28.0 0.14285714285714285 F
FI1605 4 16 0 0 0 16.0 0.25 F
FB2601 5 29 0 0 0 29.0 0.1724137931034483 F
FK1202 12 32 0 0 0 32.0 0.375 F
FC0908 4 8 0 0 0 8.0 0.5 F
FC0201 8 20 0 0 0 20.0 0.4 F
U73P06 4 8 0 0 0 8.0 0.5 U
FA0703 4 8 0 0 0 8.0 0.5 F
FB2103 8 24 0 0 0 24.0 0.3333333333333333 F
FK1605 5 17 0 0 0 17.0 0.29411764705882354 F
FI0401 12 16 0 0 0 16.0 0.75 F
FB0104 8 20 0 0 0 20.0 0.4 F
FB1502 4 8 0 0 0 8.0 0.5 F
